starting_parameters:
  latitude: 37.3736563615
  longitude: 126.667148937